%YAML:1.0
---
model_type: PINHOLE
camera_name: left
image_width: 640
image_height: 480
distortion_parameters:
   k1: 0.0
   k2: 0.0
   p1: 0.0
   p2: 0.0
projection_parameters:
   fx: 458.404785156250000
   fy: 458.301757812500000
   cx: 323.492889404296875
   cy: 233.358398437500000
