%YAML:1.0
---
model_type: PINHOLE
camera_name: right
image_width: 640
image_height: 480
distortion_parameters:
   k1: 0.0
   k2: 0.0
   p1: 0.0
   p2: 0.0
projection_parameters:
   fx: 459.378845214843750
   fy: 459.411254882812500
   cx: 319.887084960937500
   cy: 232.129516601562500
